# oST version 5.0 parameters


[image]

width
640

height
480

[narrow_stereo]

camera matrix
525.591121 0.000000 351.443432
0.000000 525.922860 238.741443
0.000000 0.000000 1.000000

distortion
0.043198 -0.065669 -0.006533 0.013861 0.000000

rectification
1.000000 0.000000 0.000000
0.000000 1.000000 0.000000
0.000000 0.000000 1.000000

projection
527.196533 0.000000 360.301872 0.000000
0.000000 535.278442 235.186649 0.000000
0.000000 0.000000 1.000000 0.000000

