image_width: 640
image_height: 480
camera_name: narrow_stereo
camera_matrix:
  rows: 3
  cols: 3
  data: [525.591121, 0.000000, 351.443432, 0.000000, 525.922860, 238.741443, 0.000000, 0.000000, 1.000000]
distortion_model: plumb_bob
distortion_coefficients:
  rows: 1
  cols: 5
  data: [0.043198, -0.065669, -0.006533, 0.013861, 0.000000]
rectification_matrix:
  rows: 3
  cols: 3
  data: [1.000000, 0.000000, 0.000000, 0.000000, 1.000000, 0.000000, 0.000000, 0.000000, 1.000000]
projection_matrix:
  rows: 3
  cols: 4
  data: [527.196533, 0.000000, 360.301872, 0.000000, 0.000000, 535.278442, 235.186649, 0.000000, 0.000000, 0.000000, 1.000000, 0.000000]
