image_width: 640
image_height: 480
camera_name: camera
camera_matrix:
  rows: 3
  cols: 3
  data: [537.3220026025772, 0, 306.8092519010768, 0, 560.6443186970209, 203.2403119081586, 0, 0, 1]
distortion_model: plumb_bob
distortion_coefficients:
  rows: 1
  cols: 5
  data: [-0.04618913135792337, -0.003831216479520738, -0.02899911473328299, 0.007919463552870322, 0]
rectification_matrix:
  rows: 3
  cols: 3
  data: [1, 0, 0, 0, 1, 0, 0, 0, 1]
projection_matrix:
  rows: 3
  cols: 4
  data: [535.3989868164062, 0, 311.0595195151036, 0, 0, 550.3969116210938, 190.4875007805022, 0, 0, 0, 1, 0]