# oST version 5.0 parameters


[image]

width
640

height
480

[narrow_stereo]

camera matrix
621.582850 0.000000 333.508748
0.000000 625.101326 230.994565
0.000000 0.000000 1.000000

distortion
0.134125 -0.223975 0.000415 0.012807 0.000000

rectification
1.000000 0.000000 0.000000
0.000000 1.000000 0.000000
0.000000 0.000000 1.000000

projection
632.466553 0.000000 339.540709 0.000000
0.000000 643.325867 230.610910 0.000000
0.000000 0.000000 1.000000 0.000000

