image_width: 640
image_height: 480
camera_name: narrow_stereo
camera_matrix:
  rows: 3
  cols: 3
  data: [621.582850, 0.000000, 333.508748, 0.000000, 625.101326, 230.994565, 0.000000, 0.000000, 1.000000]
distortion_model: plumb_bob
distortion_coefficients:
  rows: 1
  cols: 5
  data: [0.134125, -0.223975, 0.000415, 0.012807, 0.000000]
rectification_matrix:
  rows: 3
  cols: 3
  data: [1.000000, 0.000000, 0.000000, 0.000000, 1.000000, 0.000000, 0.000000, 0.000000, 1.000000]
projection_matrix:
  rows: 3
  cols: 4
  data: [632.466553, 0.000000, 339.540709, 0.000000, 0.000000, 643.325867, 230.610910, 0.000000, 0.000000, 0.000000, 1.000000, 0.000000]
